36
coords
-1 -1 -8
-1 1 -8
1 -1 -8
1 -1 -8
1 1 -8
-1 1 -8

-1 1 -8
1 1 -8
1 1 -10
1 1 -10
-1 1 -8
-1 1 -10

-1 -1 -8
1 -1 -8
1 -1 -8
1 -1 -10
-1 -1 -8
-1 -1 -10

1 1 -8
1 1 -10
1 -1 -10
1 -1 -10
1 1 -8
1 -1 -8

-1 -1 -8
-1 -1 -10
-1 1 -10
-1 1 -10
-1 1 -8
-1 -1 -8

-1 1 -10
1 1 -10
1 -1-10
1 -1 -10
-1 1 -10
-1 -1 -10

colors
1 0 0
1 0 0
1 0 0
1 0 0
1 0 0
1 0 0

0 1 0
0 1 0
0 1 0
0 1 0
0 1 0
0 1 0

0 0 1
0 0 1
0 0 1
0 0 1
0 0 1
0 0 1

1 1 0
1 1 0
1 1 0
1 1 0
1 1 0
1 1 0

0 1 1
0 1 1
0 1 1
0 1 1
0 1 1
0 1 1

1 0 1
1 0 1
1 0 1
1 0 1
1 0 1
1 0 1
